# id	file_path	transparent_color_r	g	b
[TEXTURES]
500	map\map1c_bank.png	255	255	255
0	textures\gimmick.png	0	0	255
10	textures\gimmick2.png	0	0	255
20	textures\enemy.png	57	189	255
30	textures\enemy2.png	57	189	255
40	textures\item.png	215	121	214
50	textures\enemy4.png	203	102	185
60	textures\HUB.png	0	0	255
70	textures\enemy3.png	0	0	255
80	textures\Cai-Long.png	203	102	185
100	textures\treasures.png	60	188	252
120	textures\item2.png	60	188	252

#ID	TRTileSet	TCTileSet	TRMap	TCMap	TotalTiles	Matrix_Path
[MAP]
500	5	11	12	64	51	map\map1c_map.txt

# id	left	top	right	bottom	texture_id
[SPRITES]
#==== gimmick=====
# idle right
10000	2	2	18	21	0
10001	22	2	38	21	0

#walk right
10002	2	24	18	43	0
10003	21	24	37	43	0
10004	39	24	55	43	0
10005	58	24	74	43	0
10006	79	24	95	43	0
10007	99	24	115	43	0

#Jump right
10008	2	46	18	70	0
10009	22	50	36	66	0

#colision right
10010	2	81	18	97	0
10011	24	78	40	94	0
10012	45	81	61	97	0
10013	65	76	87	97	0
10014	96	73	115	97	0
10015	123	78	140	97	0
10016	171	77	190	97	0

#idle left
10017	399	2	415	21	10
10018	379	2	395	21	10

#walk left
10019	399	24	415	43	10
10020	380	24	396	43	10
10021	362	24	378	43	10
10022	322	24	338	43	10
10023	302	24	318	43	10

#Jump left
10024	399	46	415	70	10
10025	381	50	395	66	10

#colision left
10026	399	81	415	97	10
10027	377	78	393	97	10
10028	356	81	372	97	10
10029	330	76	22	21	10
10030	277	78	294	97	10
10031	250	73	268	97	10
10032	210	75	217	97	10

#=====star====
#small star
20000	8	141	16	149	0
20001	20	141	28	149	0

#big star
20002	33	138	53	159	0
20003	55	138	75	159	0
20004	124	137	144	159	0

#bubble start
20005	340	142	356	157	0

#=======black eneny

#==normal
#walk right
30000	2	1	18	17	20
30001	20	2	36	17	20
30002	38	1	54	17	20
#walk left
30003	678	1	694	17	30
30004	660	2	676	17	30
30005	642	1	658	17	30

#fly right
30006	2	19	18	36	20
30007	20	19	36	36	20
30008	38	19	54	36	20
30009	56	19	72	36	20
30010	74	19	90	36	20

#fly left
30011	678	19	694	36	30
30012	660	19	676	36	30
30013	642	19	658	36	30
30014	624	19	640	36	30
30015	606	19	622	36	30


#brick
40000	120	52	136	68	40
40001	137	1	153	17	40
40002	35	86	51	102	40
40003	154	18	170	34	40
40004	120	1	136	17	40
40005	154	1	170	17	40
40006	154	52	170	68	40
40007	120	18	136	34	40
40008	137	18	153	34	40

#====black electric enemy
#walk right
50000	2	39	18	61	20
50001	20	40	36	61	20
50002	38	39	54	61	20

#sit right
50003	56	46	72	61	20

#walk left
50004	678	39	694	61	30
50005	660	40	676	61	30
50006	642	39	658	61	30

#sit lelt
50007	624	46	640	61	30

#===MEDICINE===
#Pink-medicine
60000	1	2	15	16	60
#Orange-medicine
60001	17	0	31	16	60
#Boom-pink-medicine
60002	33	1	47	16	60
#Boom-black-medicine
60003	49	1	63	16	60

#====Slide====
#Slide right
60100	1	171	17	187	40
60101	18	171	34	187	40
60102	35	171	51	187	40
60103	52	171	68	187	40
#Slide left
60104	52	188	68	204	40
60105	35	188	51	204	40
60106	18	188	34	204	40
60107	1	188	17	204	40

#====moving-brick====
40010	137	103	153	119	40
40011	154	103	170	119	40

#flower
70000	1	1	23	44	100

#bomb
#lăn
70100	85	22	101	38	50
70101	102	22	118	38	50

#cá đỏ
#walk left
70200	45	7	60	18	120
70201	24	7	40	18	120
70202	4	7	19	18	120

#walk right
70203	77	6	88	18	120
70204	92	7	106	18	120
70205	110	7	126	18	120

#cá đen
#walk left
70300	44	25	59	40	120
70301	23	25	39	40	120
70302	4	25	19	40	120
#walk right
70303	78	25	90	40	120
70304	95	25	107	40	120
70305	111	25	126	40	120

#cá vàng
#walk left
70400	42	49	58	62	120
70401	23	49	38	62	120
70402	4	49	19	62	120
#walk right
70403	78	48	90	62	120
70404	95	48	106	62	120
70405	110	49	126	62	120

#======Banh-xe-lon
#banh-xe-quay-1
80000	1	205	17	221	40
80001	18	205	34	221	40
80002	1	222	17	238	40
80003	18	222	34	238	40
#banh-xe-quay-2
80004	35	205	51	221	40
80005	52	205	68	221	40
80006	35	222	51	238	40
80007	52	222	68	238	40
#banh-xe-quay-3
80008	1	239	17	255	40
80009	18	239	34	255	40
80010	1	256	17	272	40
80011	18	256	34	272	40
#banh-xe-quay-4
80012	35	239	51	255	40
80013	52	239	68	255	40
80014	35	256	51	272	40
80015	52	256	68	272	40

#Banh-xe-nho
80016	69	205	85	221	40
80017	69	222	85	238	40
80018	69	239	85	255	40
80019	69	256	68	272	40

#Tia-set
80100	103	154	119	170	40
80101	120	154	136	170	40
80102	137	154	153	170	40
80103	154	154	170	170	40

80104	103	171	119	187	40

#=====Thac do
#Thac do 1
80200	222	137	238	153	40
80201	188	103	204	119	40
80202	222	103	238	119	40
80203	188	137	204	153	40
#Thac-do-2
80204	205	137	221	153	40
80205	171	103	187	119	40
80206	205	103	221	119	40
80207	171	137	187	153	40
#Thac-do-3
80208	222	154	238	170	40
80209	188	120	204	136	40
80210	222	120	238	136	40
80211	188	154	204	170	40
#Thac-do-4
80212	205	154	221	170	40
80213	171	120	187	136	40
80214	205	120	221	136	40
80215	171	154	187	170	40

#====Cua-mo
#dong
80300	188	307	204	323	40
80301	171	324	187	340	40
80302	188	324	204	340	40
80303	205	324	221	340	40
#mo
80310	188	341	204	357	40
80311	171	358	187	374	40
80312	188	375	204	391	40
80313	205	358	221	274	40

#====Chan-thac
#chan-thac-1
80400	205	273	221	289	40
80401	171	239	187	255	40
80402	205	239	221	255	40
80403	171	273	187	289	40
#chan-thac-2
80404	188	273	204	289	40
80405	154	239	170	255	40
80406	188	239	204	255	40
80407	154	273	170	289	40
#chan-thac-3
80408	205	290	221	306	40
80409	171	256	187	272	40
80410	205	256	221	272	40
80411	171	290	187	306	40
#chan-thac-4
80412	188	290	204	306	40
80413	154	256	170	272	40
80414	188	256	204	272	40
80415	154	290	170	306	40

#====pink Worm
#walk right
80500	2	314	25	328	20
80501	27	314	49	328	20

#walk left
80502	671	314	694	328	30
80503	647	314	669	328	30

#====more-enemy
#green bomb
80600	2	1	16	19	50
80601	19	1	33	19	50
80602	36	1	50	19	50
80603	53	1	67	19	50

#red bomb
80604	69	1	83	19	50

#green gun
80610	85	2	101	18	50

#red gun
80611	102	2	118	18	50

#====cai long
#slide-right
80700	11	159	47	222	80
80701	10	73	46	136	80
80702	52	73	88	136	80
80703	94	73	130	136	80
#open
80704	53	159	89	230	80
80705	94	159	132	232	80

#====HUB
80710	0	32	256	64	60

#====BOSS
#BOSS-attack
80800	5	102	37	146	70
80801	41	101	73	146	70
80802	77	99	111	146	70
#B0SS-walk-right
80810	5	65	37	97	70
80811	42	66	74	97	70
80812	78	65	110	97	70
80813	114	66	146	97	70
#BOSS-Be-Attacked
80820	78	23	110	62	70
80821	41	31	73	62	70
80822	5	31	37	62	70
#BOSS-râu
80830	3	3	27	16	70
80831	30	3	54	16	70
80832	57	3	81	16	70
80833	84	3	108	16	70	

# ani_id	sprite1_id	time1	sprite2_id	time2	...
[ANIMATIONS]
#Gimmick
#idle right
100	10000	2500	10001	200	10000	200	10001	200
#idle left
101	10017	2500	10018	200	10017	200	10018	200
#walk right
102	10002	100	10003	100	10004	100	10005	100	10006	100	10007	100
#walk left
103	10019	100	10020	100	10021	100	10022	100	10023	100
#jump right
104	10008	500
#Jump left
105	10024	100
#colision right
106	10010	100	10011	100	10012	100	10013	100	10014	100	10015	100	10016	100
#colision left
107	10026	100	10027	100	10028	100	10029	100	10030	100	10031	100	10032	100

#======back-enemy
#walk right
300	30000	100	30001	100	30002	100
#walk left
301	30003	100	30004	100	30005	100
#fly 	right
302	30006	100	30007	100	30008	100	30009	100	30010	100
#fly left
303	30011	100	30012	100	30013	100	30014	100	30015	100

#=====
#brick
400	40000	100
401	40001	100
402	40002	100
403	40003	100
404	40004	100
405	40005	100
406	40006	100
407	40007	100
408	40008	100

#moving-brick
410	40010	100
411	40011	100
#====black-eneny-electric
#walk left
500	50004	100	50005	100	50006	100
#sit left
501	50007	100
#walk right
502	50000	100	50001	100	50002	100
#sit right
503	50003	100

#Medicine
#pink
600	60000	100
#orange
601	60001	100
#bomb-pink
602	60002	100
#bomb-black
603	60003	100

#======Slide=======
#slide-right
610	60100	100	60101	100	60102	100	60103	100
#slide-left
611	60104	100	60105	100	60106	100	60107	100

#flower
700	70000	100

#bomb
#lăn
701	70100	100	70101	100

#cá đỏ
#walk left
702	70200	100	70201	100	70202	100
#walk right
703	70203	100	70204	100	70205	100

#cá đen
#walk left
704	70300	100	70301	100	70302	100
#walk right
705	70303	100	70304	100	70305	100

#cá vàng
#walk left
706	70400	100	70401	100	70402	100
#walk right
707	70403	100	70404	100	70405	100

#====Banh-xe-lon
#banh-xe-quay-1
800	80000	100	80004	100	80008	100	80012	100
#banh-xe-quay-2
801	80001	100	80005	100	80009	100	80013	100
#banh-xe-quay-3
802	80002	100	80006	100	80010	100	80014	100
#banh-xe-quay-4
803	80003	100	80007	100	80011	100	80015	100
#====Banh-xe-nho
804	80016	100	80017	100	80018	100	80019	100

#===Tia-set
810	80100	100	80101	100	80102	100	80103	100
811	80104	100

#===Thac-do
#Thac-do-1
820	80200	100	80201	100	80202	100	80203	100
#Thac-do-2
821	80204	100	80205	100	80206	100	80207	100
#Thac-do-3
822	80208	100	80209	100	80210	100	80211	100
#Thac-do-4
823	80212	100	80213	100	80214	100	80215	100

#====Cua-dong-mo

#====Chan-thac
#Chan-thac-1
840	80400	100	80401	100	80402	100	80403	100
841	80404	100	80405	100	80406	100	80407	100
842	80408	100	80409	100	80410	100	80411	100
843	80412	100	80413	100	80414	100	80415	100

#=====pink Worm
#walk left
850	80502	100	80503	100
#walk right
851	80500	100	80501	100

#=====more-enemy
#bomb
860	80600	100	80601	100	80602	100	80603	100
861	80600	30	80601	30	80602	30	80603	30	80600	30	80601	30	80602	30	80603	30	80604	100
#gun
#gun-green
862	80610	100
#gun-red
863	80611	100

#=======cai long
#slide-right
870	80700	100	80701	100	80702	100	80703	100
#closing
871	80700	100
#opening
872	80700	100	80704	100	80705	100
#====HUB
873	80710	100
#====BOSS
#Boss-attack
880	80800	100	80801	100	80802	100
#Boss-walk-right
881	80810	100	80811	100	80812	100	80813	100
#Boss-be-attack
882	80820	100	80821	100	80822	100
#Boss-râu
883	80830	100	80831	100	80832	100	80833	100

# id	ani1	ani2	ani3
#
[ANIMATION_SETS]
# GimMick
#idle (l,r), walk (l,r), jump (l,r), colision (l,r)
1	101	100	103	102	104	105	106	107
#pink Worm
#walk (l,r)
2	850	851
#black electric enemy
#walk(l,r), sit(l,r)
3	500	502	501	503
#black enemy
6	300	301	302	303
#=====BOSS
#attack, walk-right, be attack
5	880	881	882
#=====Boss-râu
55	883

#brick
4	400
401	401
402	402
403	403
404	404
405	405
406	406
407	407
408	408



#rocket
7	860	861
#gun
8	862	863
#====Banh-xe-lon
#Banh-xe-1
10	800
#Banh-xe-2
11	801
#Banh-xe-3
12	802
#banh-xe-4
13	803

#====Banh-xe-nho
14	804

#==Tia-set
#dinh
15	810
#duoi
16	811

#===Thac-do
#Thac-do-1
17	820
#Thac-do-2
18	821
#Thac-do-3
19	822
#Thac-do-4
20	823

#===Chan-thac
#Chan-thac-1
21	840
#Chan-thac-2
22	841
#Chan-thac-3
23	842
#Chan-thac-4
24	843

#cầu treo
25	870	871	872

#=======PHUC=============
#medicine
#pink medicine
60	600
#orange medicine
61	601
#pink-bomb medicine
62	602
#black-bomb medicine
63	603

#Slide
#slide-right/ left
64	610
65	611

#moving-brick
40	410
41	411


#==========KHOA============
#flower
70	700

#bomb rơi từ đại bác
71	701

#cá đỏ
#walk (l,r)
72	702	703

#cá đen
#walk (l,r)
73	704	705
#cá vàng
#walk (l,r)
74	706	707



[OBJECTS]
#block
1	0	16	4
1	0	32	4
1	0	48	4
1	0	64	4
1	0	80	4
1	0	96	4
1	0	112	4
1	0	128	4
1	0	144	4
1	0	160	4
1	0	176	4

1	16	0	4
1	32	0	4
1	48	0	4
1	64	0	4
1	80	0	4
1	96	0	4
1	112	0	4
1	128	0	4
1	144	0	4
1	160	0	4
1	176	0	4
1	192	0	4
1	208	0	4
1	224	0	4
1	240	0	4
1	256	0	4

1	240	16	4
1	240	32	4
1	240	48	4
1	240	64	4
1	240	80	4
1	240	96	4
1	240	112	4

1	256	16	4
1	256	32	4
1	256	48	4
1	256	64	4
1	256	80	4
1	256	96	4
1	256	112	4


1	48	128	4
1	64	128	4
1	80	128	4
1	96	128	4

1	48	144	4
1	48	160	4
1	48	176	4

1	96	144	4
1	96	160	4
1	96	176	4

1	144	160	4
1	160	160	4
1	176	160	4
1	192	160	4
1	208	160	4
1	224	160	4
1	240	160	4
1	256	160	4
1	272	160	4

1	144	176	4
1	160	176	4
1	176	176	4
1	192	176	4
1	208	176	4
1	224	176	4
1	240	176	4
1	256	176	4
1	272	176	4

1	320	160	4
1	336	160	4
1	320	176	4
1	336	176	4

1	384	160	4
1	400	160	4
1	384	176	4
1	400	176	4

1	448	144	4
1	496	144	4
1	544	144	4
1	592	144	4

1	640	160	4
1	656	160	4
1	672	160	4
1	688	160	4
1	704	160	4
1	720	160	4
1	736	160	4
1	752	160	4
1	768	160	4
1	784	160	4
1	800	160	4
1	816	160	4
1	832	160	4
1	848	160	4
1	864	160	4
1	880	160	4
1	896	160	4
1	912	160	4
1	928	160	4
1	944	160	4
1	960	160	4
1	976	160	4
1	640	176	4

1	944	128	4
1	960	128	4
1	976	128	4

1	976	64	4
1	976	80	4
1	976	96	4
1	976	112	4

1	992	64	4
1	992	80	4
1	992	96	4
1	992	112	4

1	1008	0	4
1	1008	16	4
1	1008	32	4
1	1008	48	4
1	1008	64	4
1	1008	80	4
# Gimmick
0	944	0	1
# Black Enemy
4	944	20	6
#Worm
2	930	20	2
#Slide phải
51	944	0	64
#Slide trái
52	915	0	65
#Cannon 
7	930	30	8
#Window
#8	944	0	1
#SusppensionBridge 
9	850	0	25
#bomb = bullet
20	900	0	71
#FloatBox
11	880	15	40
11	900	15	41

#Rocket trong code t  ?
10	944	0	7

#Item
12	910	15	60
13	850	15	61
14	870	15	62
15	890	15	63
16	930	15	70
#fish
60	870	80	72
61	890	80	73
62	930	80	74